Ticker,EDEN,EWA,EWC,EWD,EWG,EWH,EWI,EWJ,EWL,EWN,EWP,EWQ,EWS,EWU,SCZ,AVDE,AVDV,COPX,DLS,FLGB,FLJP,HDEF,IHDG,IMTM,IPAC,IVAL,IVLU,PXF,SIL,SILJ,CGW,GII,GNR,GRID,GUNR,INFL,KXI,LIT,MOO,MXI,PICK,REMX,RING,URA,URNM,ARGT,ECH,EIDO,EMXC,EWM,EWT,EWW,EWY,EWZ,FXI,ILF,INDA,THD,TUR,VNM,AVEM,CQQQ,DEM,EEMA,EPI,FLBR,FLIN,FLKR,GVAL,KSA,KWEB
EDEN,1.0,0.6181129908775983,0.6061785118573183,0.7266420036630508,0.7134809916933902,0.3770106950402677,0.6800589322202435,0.5638560223618289,0.7014401197084942,0.7343590991336684,0.6476658817511901,0.7052967234706895,0.5559884537247417,0.6656775567312926,0.7383253584021703,0.7456181562070154,0.6943114781857161,0.47387410226808446,0.7169546364027678,0.6724251527297551,0.5622572909369546,0.6554569008495107,0.7243736958519075,0.7316204372474027,0.6233914219909585,0.630160667643525,0.6613562568973926,0.6981024005355486,0.3693917180754137,0.36808140044629534,0.6417234023421959,0.555137830519873,0.5087259822318514,0.6922150683440899,0.4778461794553796,0.5286822635979055,0.4943967874844301,0.47093961527563805,0.5626973807071489,0.6295540593921519,0.5036572985969089,0.45675424102726964,0.3133755962841354,0.428532039125992,0.3904217615354337,0.44693823415616757,0.3881783766943059,0.3873128360395773,0.613992469186722,0.4374465680917014,0.5407110265308976,0.44033846792086795,0.5091590589947429,0.32346871063716165,0.3847139953184807,0.4213495965804856,0.4881341006910534,0.40663681967382803,0.20469997960703498,0.278538898682252,0.5952484444194005,0.37996577830908757,0.5360325142871745,0.5553265175106119,0.4701459157626001,0.31477709002957804,0.4713860100045474,0.5119238201016238,0.5726464217693078,0.29661636126393753,0.366799115949006
EWA,0.6181129908775983,1.0,0.8456648047801829,0.7635447875553572,0.7503807002913118,0.5415459520065515,0.7393534600079859,0.7161735169475016,0.7082555597968377,0.7535085468599169,0.7034221514359971,0.7574870993257069,0.7230678487101643,0.8189283419843894,0.8491249661801337,0.8814365464347002,0.8569507698128455,0.7195903878564393,0.8490823666446836,0.8203924975547852,0.712108520017372,0.8276567519569331,0.7344277775571634,0.8403725148832611,0.8517070329520834,0.7992757087533103,0.8259862371543691,0.8658154269009243,0.5442359117728113,0.5466238315836227,0.747770388999292,0.7721184587688339,0.7938849983415224,0.7603387504450481,0.779084444887044,0.771854387272578,0.5914750323745763,0.5835357328649406,0.7542054459795079,0.8559996029397318,0.7836545517982292,0.6072285553584339,0.49254795302914245,0.5487504946276075,0.49588404155818927,0.567951535655273,0.5218915441146538,0.5023292255719382,0.7891984231176866,0.5699217451200699,0.6767920513827381,0.5968879473630481,0.662088382341084,0.5231845675572633,0.5025954198535518,0.6416765584347743,0.5345789099496034,0.5865872467733588,0.21014690279419138,0.31458435902309617,0.7623283756765304,0.46889833866020186,0.7736424363821995,0.6970169449383172,0.5244661573294155,0.5112039636834973,0.521298675394616,0.6578307474844644,0.7135625825061743,0.4395611226627142,0.4427337356963231
EWC,0.6061785118573183,0.8456648047801829,1.0,0.7366292256326182,0.7260260708461126,0.484746047225465,0.7267354463804511,0.6772323127776497,0.6661957574318009,0.7338471849010494,0.6845670389946115,0.7218442723349898,0.6921752651209363,0.7964604840247557,0.8132537585727639,0.8644566288332771,0.8532081936414296,0.7310627652256775,0.8075902525502879,0.7988002500034721,0.6713280022296767,0.7743173175332462,0.7192702385496996,0.8232148318144806,0.7753600736864484,0.7817905128653799,0.8044104700989406,0.8500838769582939,0.5947479814888735,0.5996843462190902,0.7502843643884707,0.7900186592790525,0.8411918752369049,0.7778180795714064,0.8354213500674722,0.8606263857064463,0.5623344670025702,0.5760098630602718,0.8022138596162116,0.857913143669002,0.7669460425324147,0.6059898237868814,0.536929070480769,0.6178856707950496,0.5651301553484435,0.5981346055836545,0.5223494737682882,0.44806994059809624,0.7527218677087205,0.5213223584315684,0.6342205990863947,0.5896404242370742,0.6124229664336988,0.5216464806094832,0.45541757575285746,0.6467009583087244,0.5241499233802295,0.536997439512857,0.22239710852151107,0.3212989710508397,0.7223385140853406,0.4354571630833673,0.7298261357114816,0.6466462851464321,0.5198042451083017,0.5081762205061174,0.5154574237887918,0.6068655412322603,0.7090415420086736,0.44224015815731427,0.4160674292285664
EWD,0.7266420036630508,0.7635447875553572,0.7366292256326182,1.0,0.8737129559340086,0.49208239293781736,0.8206201992167362,0.6646464984425615,0.7827085207944712,0.847431285239608,0.7583025849334969,0.8553304859435823,0.6764996632077348,0.7862586898204141,0.8859262870274915,0.8843949929133053,0.8449853928060405,0.6204111014046743,0.8640203660263097,0.7972293146396322,0.6604259852548506,0.798352097334882,0.7783709914959004,0.8200454261218731,0.7483328753201927,0.7798480340469516,0.8147789812322787,0.8570339899274435,0.4541966802065113,0.44681386716135263,0.7710368798392918,0.6732963396383519,0.655612762614145,0.7948065562623824,0.6181569924718123,0.6352809274655252,0.5551179489646342,0.5517371375881444,0.6685526522575209,0.7882013782906547,0.6561478893801568,0.5542709762091825,0.38795385948892674,0.47458054184426673,0.43311200203822503,0.48667431583788373,0.482486412719731,0.46060543702965867,0.7345754746177229,0.5037087894152865,0.6317753488278918,0.5521748091266564,0.6139993932772092,0.40573849642983684,0.4698184304391403,0.5206668899902395,0.5629514219098419,0.5135237072709736,0.22343722880915,0.26650422911160465,0.7091319253286648,0.4538924679515314,0.6717145815556651,0.6510460834965345,0.5422141241239571,0.39716712919889235,0.5483769205200736,0.6125872300486482,0.7104594978694143,0.3713294031664558,0.43166938201963867
EWG,0.7134809916933902,0.7503807002913118,0.7260260708461126,0.8737129559340086,1.0,0.4782921739900108,0.9044553738380475,0.6771451867530168,0.7907304648927669,0.8749501709695738,0.8370214790963696,0.9202007825590416,0.6855907457347202,0.8169402888026372,0.8849498735574836,0.906224104403154,0.8454703382770751,0.5824774120935982,0.8663703261037656,0.8320245793956633,0.6721429353644381,0.8375373275330013,0.790389063903708,0.8505410876422336,0.7535129835739717,0.7850150206686737,0.8710103758239235,0.8953072354697397,0.4315076513960267,0.423613050327822,0.7564327092469401,0.6812759264868057,0.6245555755677782,0.7902619955128896,0.5875178219508542,0.5999222280728106,0.5961267811411274,0.5213469132363396,0.6613232723778503,0.7711204690709026,0.6198606915614976,0.5221015270949618,0.36491906810895375,0.452857644418818,0.40508062140808027,0.4882919094075533,0.4730758754431154,0.4425043103133665,0.7421367459148923,0.5012040071823525,0.6325455296468244,0.5618633162650305,0.6197685438424236,0.4217434472352694,0.4628342390931531,0.5318168935140477,0.5640586534874679,0.5286458969852378,0.23894094022326545,0.2969625847699391,0.7106370855645456,0.44632844898401086,0.6625849955122308,0.6446614428642338,0.5426550899115204,0.41515531481328655,0.5470474651264761,0.6216958918016836,0.7462082316264108,0.37494563715419826,0.42876748268568454
EWH,0.3770106950402677,0.5415459520065515,0.484746047225465,0.49208239293781736,0.4782921739900108,1.0,0.46151558003695986,0.4200544211038243,0.4289602452042216,0.5314250527954251,0.4322100332497039,0.49920562638538113,0.5346774330682031,0.5095689982703837,0.5358008932071395,0.5606923693244543,0.5330670921102153,0.5515185589460657,0.5452165750827566,0.5085870343797646,0.4135054637105353,0.5348586653978106,0.4826534181575601,0.48907990210570035,0.5441605626786774,0.5002909755270382,0.5290203697370708,0.5598245847399147,0.34263699948892345,0.3490330063085211,0.42406665411831534,0.449391817442923,0.5151781706781999,0.45194745679993265,0.5134697843041631,0.4321082635645262,0.3262624262879964,0.5646688235461964,0.49913305416613674,0.5602215703586635,0.5638883311393275,0.5075247405269195,0.30781573094945136,0.3172233809225281,0.27692718134717587,0.32713977294795116,0.3730447407946817,0.31674026514049947,0.5521120970100181,0.4099535952919384,0.49154796051994004,0.43748451357955664,0.4983316470267273,0.3544209768393393,0.7878640627763331,0.44423230781590556,0.2844702653053846,0.4711661492991594,0.15959310100933827,0.2562451921308811,0.7185119310045529,0.7008916380741028,0.6816926755611048,0.7280954766744183,0.2832907559332011,0.3555529269229854,0.2749286185524605,0.4963093844442946,0.5472256553179088,0.27966423030449716,0.6656346897228921
EWI,0.6800589322202435,0.7393534600079859,0.7267354463804511,0.8206201992167362,0.9044553738380475,0.46151558003695986,1.0,0.6538505699869606,0.7592711569635769,0.8112489922974118,0.8837756457025104,0.9080575844065153,0.6755249383032009,0.833214269623149,0.8498937595498515,0.8924843014602474,0.8360185038977614,0.5866719476504091,0.8412266669005231,0.8426405265048804,0.6501952449626747,0.8483141363179505,0.7548149703259075,0.8368740729378114,0.7328352148541204,0.7873072181552827,0.8860396604009202,0.9016148203040578,0.41008547995434624,0.4025151174579519,0.7273236162492174,0.7089960419936793,0.6657923989264048,0.7666227982686465,0.6376981596669612,0.6147267281120901,0.5816519069857566,0.4979510123443952,0.6756480118119275,0.7595709729648923,0.6312316238025606,0.500721045424752,0.35209438208424987,0.4396962280707426,0.39426380336754185,0.4934402316330626,0.4715965838820113,0.443877570434633,0.7103192628006423,0.4784639102591343,0.5818213743659005,0.5565039492469448,0.5859924907517952,0.4472995754638578,0.4356476075552642,0.5562457035907832,0.5384930191443743,0.5091620960661736,0.22350573835065954,0.29289245845053236,0.677460688048547,0.40824727340142186,0.6617234383268296,0.6055037271129979,0.5180197222083192,0.4404489820597404,0.5167019912523496,0.5846245102516303,0.7672591471834914,0.37544873509996374,0.39228036916385756
EWJ,0.5638560223618289,0.7161735169475016,0.6772323127776497,0.6646464984425615,0.6771451867530168,0.4200544211038243,0.6538505699869606,1.0,0.6139437735393493,0.698559467655475,0.5965121402853641,0.6626140709550568,0.6277031665981634,0.6563099708202136,0.8290023186642462,0.8282439847656876,0.817069587852053,0.5550910665677937,0.8196778715929073,0.6652598536029412,0.99551250926441,0.7002169407793254,0.7233834901908095,0.8246443174196878,0.9646582599512785,0.8154265861880283,0.8353003984749898,0.8104970597081688,0.4023048466982895,0.4010894104384779,0.6510318951198703,0.589249399248523,0.5960051972314805,0.7160347257081123,0.5712704503264581,0.6024959676010807,0.49238987493255504,0.4994992056093233,0.6140558471104595,0.7002798405920431,0.601842666090904,0.4761908116770373,0.34509329141589823,0.4789066318610627,0.418242541512691,0.48575212620384717,0.4319964933694671,0.4260380254078988,0.7085922563142368,0.47173200520041375,0.637699551772559,0.49540848764268286,0.5972452367747307,0.4136226878946396,0.38974121053091804,0.5093173913070883,0.5161822677091559,0.492410492917408,0.19365036236796962,0.2908403762715862,0.6599304372547621,0.3800921615719564,0.6298094549313161,0.6087469787386022,0.5005946286566435,0.4052831770382406,0.500446609269208,0.6011316287602857,0.5941456757904988,0.35437751309538695,0.35563997561237076
EWL,0.7014401197084942,0.7082555597968377,0.6661957574318009,0.7827085207944712,0.7907304648927669,0.4289602452042216,0.7592711569635769,0.6139437735393493,1.0,0.7544320572659754,0.7206034561015143,0.8193518574068315,0.627261921789317,0.777205898172242,0.8095893718703415,0.8232958689220397,0.7520990041175752,0.5054261688943137,0.7918153823365381,0.7791115322242513,0.6141749534881851,0.8319405037733408,0.7326377288594679,0.759815006366221,0.6939557295139539,0.691843257573327,0.7609099846014905,0.7966933301621868,0.41392099114879255,0.397684094865952,0.7666446999341137,0.6869297906312237,0.5673385003347942,0.6925953120370629,0.5438749291156536,0.5681014741791731,0.693334821457326,0.45081622212520406,0.6410570238713335,0.7238054097660113,0.5487038335154896,0.44834338002080626,0.38176278821318144,0.37426885122577647,0.33758444263781606,0.42960083012624095,0.4171002495926584,0.4204965785064722,0.6417414864370621,0.4870146237962362,0.538141970249988,0.5213743747262656,0.5388253619636904,0.3706199632875821,0.4057106483938717,0.4696073032138378,0.5079830638579088,0.47882515615993415,0.19551788806683784,0.2666611946263945,0.6158945139030031,0.36910831140125483,0.5989413264258784,0.5585667014831047,0.48262480992942847,0.36152290329446385,0.4940823487384887,0.538074929322768,0.6180214835876471,0.3395336253063784,0.35458582615989187
EWN,0.7343590991336684,0.7535085468599169,0.7338471849010494,0.847431285239608,0.8749501709695738,0.5314250527954251,0.8112489922974118,0.698559467655475,0.7544320572659754,1.0,0.7334448273795782,0.8591814678506884,0.6959375868302214,0.7617473659001996,0.8702922624351515,0.8792523406721416,0.8220460609009104,0.6052325826741282,0.8429283194051772,0.7789259273127612,0.6907278739591072,0.7553692771272561,0.8367958097161764,0.8470538450314704,0.774019404070199,0.7530398397755486,0.8013395157826153,0.8424761693021531,0.43058782692883196,0.43307802805702444,0.7566153969678212,0.6417226604118904,0.6262313001007851,0.8394668499498327,0.5878966824526729,0.6248160563748225,0.5348569677653449,0.6095397123132944,0.6578690866073703,0.7677580738885091,0.6431438076405211,0.5930834418532607,0.34921271474984766,0.5094650856904438,0.4601298182217269,0.5406508710864627,0.48476895683710625,0.45740118972620575,0.7952514163896408,0.5059520930457262,0.7166504787699841,0.5642614683436367,0.6698473501777864,0.4168791321138326,0.5473166129286356,0.5364869805385394,0.5789864091746756,0.5386826871030963,0.23563829204397954,0.32452443653333357,0.7820834822227861,0.5409844512535954,0.6918564295756843,0.7386152153668599,0.5577302898085922,0.41115162325404503,0.5607476019000253,0.6676877571244169,0.6948868482544984,0.37836756772484476,0.525740550526132
EWP,0.6476658817511901,0.7034221514359971,0.6845670389946115,0.7583025849334969,0.8370214790963696,0.4322100332497039,0.8837756457025104,0.5965121402853641,0.7206034561015143,0.7334448273795782,1.0,0.8439254540037506,0.6381848780122464,0.8048784641331684,0.7936746631948631,0.8363474663901455,0.7835303191693436,0.5357215068349112,0.7930598675914042,0.8090521804628912,0.5941227647096246,0.8249432404557874,0.6646340696956302,0.7863369572963613,0.6772707192626963,0.7266764581813271,0.8405193452672338,0.8539724919458944,0.3956422070583423,0.38556319576662634,0.6943156593789367,0.7197320347328691,0.6178435196100134,0.6894101093707135,0.5943422340845865,0.5817676576405161,0.5662582606982453,0.4489041500697369,0.6281422608361569,0.6972743281116526,0.5782448824862473,0.4476810770541729,0.35088820873813115,0.3969705411276658,0.35839994967188393,0.4579093112021782,0.43941546638425283,0.4121052457040313,0.6557241192109381,0.4709374714282243,0.5325406849222022,0.5254351365710319,0.5268832074077855,0.4240249712475716,0.39358958572038943,0.5248968851893508,0.5056447095456168,0.4687132499405946,0.21897994387100211,0.250005333445799,0.6214361394340576,0.36405412832789963,0.6195704779754877,0.5539440601542857,0.4873342348452065,0.4149892483567464,0.4857773781363344,0.5267110699059889,0.7480884453853047,0.3555728927138128,0.3510012983152756
EWQ,0.7052967234706895,0.7574870993257069,0.7218442723349898,0.8553304859435823,0.9202007825590416,0.49920562638538113,0.9080575844065153,0.6626140709550568,0.8193518574068315,0.8591814678506884,0.8439254540037506,1.0,0.6767409386550476,0.8391152499069267,0.8729983054138837,0.9055021626158819,0.8338903934612145,0.5871645720787279,0.856961412252919,0.8498170722716566,0.659540314913778,0.855797354931895,0.7989497845612945,0.8436675527063631,0.7467308528368231,0.7836910338410552,0.8714241088581307,0.9010764740087225,0.4110526433191598,0.40753044637458596,0.7617520208846442,0.701938875904137,0.6542172465078345,0.7813302106041172,0.6163503828461877,0.607186098534123,0.6266136836516305,0.5209372642112664,0.6722394051110041,0.7801175946509955,0.6350760001816984,0.5203447420244756,0.34257694548576695,0.4419657635551028,0.3976564308714083,0.47260805459215194,0.46142579670595874,0.4405569057493681,0.7303294460819023,0.5001478310887668,0.6103199305031239,0.574600215794869,0.6091346858946688,0.4300311694502628,0.47977817047753346,0.5418191295794521,0.5563090349133651,0.5231574331734344,0.24376434969861202,0.2908378275305651,0.7079287365356429,0.448821226077904,0.6760684735118646,0.6446546026411004,0.5312918635586875,0.4246899888650273,0.5383532130405351,0.6061385096477075,0.7576459732676498,0.3814456551990543,0.4338761832290844
EWS,0.5559884537247417,0.7230678487101643,0.6921752651209363,0.6764996632077348,0.6855907457347202,0.5346774330682031,0.6755249383032009,0.6277031665981634,0.627261921789317,0.6959375868302214,0.6381848780122464,0.6767409386550476,1.0,0.6927869597430856,0.7406335599917468,0.7602773326397022,0.7325940119292021,0.5661865676938533,0.7390898848903841,0.701102466365309,0.6250703597725356,0.699127131979696,0.6492637602172543,0.7235188093800393,0.7260747794437543,0.6661553141321335,0.7173458499855423,0.748822499418817,0.4314224828266372,0.42888212506725976,0.6244188959295208,0.6153376010311297,0.6019704079436796,0.6715630683992793,0.5816165536961211,0.6065606765056448,0.49294718050741526,0.5466940021074208,0.5950638090677466,0.6816862209573029,0.5994145721983822,0.5232462849054216,0.3831487344278687,0.4558442737777532,0.40925793425446666,0.4907301114341032,0.4433789441488125,0.47306774903397103,0.722052340602456,0.539012742075115,0.6454624372673312,0.5126536872308131,0.6133713961500262,0.41996073287980734,0.5454401979273301,0.5179375264840325,0.5006888237149972,0.546552842405879,0.17433417604631066,0.32379542329259114,0.7307735155284513,0.5252158104883144,0.6811335913743891,0.7015319117618226,0.492072238781034,0.4117095444418457,0.49180629640600376,0.6078371304266548,0.6574841721376414,0.36292930703013215,0.510624130438163
EWU,0.6656775567312926,0.8189283419843894,0.7964604840247557,0.7862586898204141,0.8169402888026372,0.5095689982703837,0.833214269623149,0.6563099708202136,0.777205898172242,0.7617473659001996,0.8048784641331684,0.8391152499069267,0.6927869597430856,1.0,0.8520307825407767,0.906415663316497,0.8629917155484516,0.6657896458403235,0.8482698391838752,0.9887464072046753,0.654325840248017,0.9085209577100408,0.7537790133870762,0.8499147850331228,0.7580933727496807,0.8156319770617976,0.8915302949930474,0.9154687450948598,0.48937347492209493,0.48119094521201106,0.7489920627780504,0.7656992317821224,0.7842811219987411,0.7237217977974221,0.7657409222326726,0.717905693179446,0.6602331997419599,0.5137978261114785,0.7372737080906338,0.8274447560456516,0.7334676495157101,0.5514388100677445,0.4375842009743004,0.4904061100563831,0.4523583774278358,0.5055127087439277,0.48771718460062286,0.4555018909780298,0.7287007281268695,0.5201567067250571,0.6008470138973888,0.5616010350240103,0.5838915094691347,0.480781516816201,0.465012701854953,0.5920107453147003,0.5449016050685763,0.5273654116953339,0.24012845115906317,0.2822162660767561,0.7072459092112224,0.421549681952452,0.728864107740312,0.6287988048019248,0.5347710983815955,0.4736771495472166,0.5316069752836822,0.5845107768844202,0.7595627737384919,0.41136942031937535,0.3971887158095968
SCZ,0.7383253584021703,0.8491249661801337,0.8132537585727639,0.8859262870274915,0.8849498735574836,0.5358008932071395,0.8498937595498515,0.8290023186642462,0.8095893718703415,0.8702922624351515,0.7936746631948631,0.8729983054138837,0.7406335599917468,0.8520307825407767,1.0,0.9677840974027483,0.9606927091178991,0.6776026946400348,0.9787098093084479,0.8623187677661533,0.8307991519289578,0.8668245433417762,0.803989940630858,0.9044202591858068,0.901301276880392,0.8838023559438493,0.9081125555854114,0.9361721825709284,0.5095673859694732,0.5070954597773522,0.8260681994927904,0.7550103755468783,0.724729791695365,0.8352785740780532,0.6971293854942309,0.7101896066028855,0.608517375882022,0.6129721701676574,0.7527410744044726,0.8476571489629072,0.7202990921146699,0.618810284508609,0.4474501395009647,0.5379171419555483,0.49020040249936586,0.564047202975089,0.531536583933439,0.5010697256584317,0.8127918571240939,0.567313011993183,0.700889133134561,0.6063184666873686,0.6770489267967298,0.4791907147910531,0.5120067965866252,0.6000841197365024,0.6044844922403652,0.5894076942988418,0.24915679532716,0.3212081136255008,0.784587821347343,0.49024531949942896,0.7524551607584073,0.7193708306580094,0.5872932634544303,0.47096610415434775,0.5906918929909402,0.6774094224810594,0.7607969010841624,0.4176164603977059,0.46299777243811013
AVDE,0.7456181562070154,0.8814365464347002,0.8644566288332771,0.8843949929133053,0.906224104403154,0.5606923693244543,0.8924843014602474,0.8282439847656876,0.8232958689220397,0.8792523406721416,0.8363474663901455,0.9055021626158819,0.7602773326397022,0.906415663316497,0.9677840974027483,1.0,0.9683804458429837,0.7247481434504374,0.9608852241054265,0.9120581566932137,0.8259342242783093,0.915888148006908,0.8341094112013598,0.9412689055205354,0.9072218496450457,0.9084796952455033,0.956969760952836,0.9789604370357293,0.5438022959689398,0.5401672384395781,0.8175731155680263,0.7879649368932525,0.8005985435416564,0.846412609391381,0.7734352436457453,0.7668649865376687,0.6350884645288942,0.6117340999467353,0.7893492100228143,0.8925463307390631,0.7739422621773276,0.6239600980883663,0.47695906253644504,0.5638666271809283,0.5101413873957193,0.5807875946392451,0.5508231407242022,0.5093121534462112,0.8296660016883443,0.5759578751998226,0.7067965111032808,0.6335224560112979,0.6871060859551225,0.5149281886189049,0.5244611319192668,0.6439376847976283,0.6037754640085276,0.5992557234120063,0.2562689512104485,0.3323716206507364,0.803249692260121,0.4929364660611235,0.7884739783489322,0.7278728093875523,0.589475776784812,0.5063955923467506,0.5879348237149685,0.6859960446181301,0.8046223176145136,0.44317947774222316,0.4670547167600639
AVDV,0.6943114781857161,0.8569507698128455,0.8532081936414296,0.8449853928060405,0.8454703382770751,0.5330670921102153,0.8360185038977614,0.817069587852053,0.7520990041175752,0.8220460609009104,0.7835303191693436,0.8338903934612145,0.7325940119292021,0.8629917155484516,0.9606927091178991,0.9683804458429837,1.0,0.7544321986479785,0.9627736896484483,0.8697833065438801,0.817823041599522,0.8736036318345537,0.7675105247262156,0.9001578804264004,0.8939218674439615,0.9142050103853246,0.9296508041011095,0.9480706145898409,0.583178340243302,0.5843235189308034,0.774215633863457,0.765387412448214,0.8232991000703154,0.8059832895877022,0.79962556574845,0.7842772646836134,0.5749658879235312,0.610434146818038,0.7860285850380073,0.8869866397452095,0.791483540136691,0.6441014132174363,0.5185363672248099,0.5771264286308744,0.5277965407607944,0.5787955326151923,0.5590933969941279,0.5078901156966704,0.811622512233207,0.5711654494552842,0.6866324781619969,0.6205126412519503,0.6686430627885178,0.5199164581744442,0.5025840772230545,0.6481290417038383,0.5806359234192112,0.60332907454994,0.2507692722247387,0.3251855105137798,0.7844599277999615,0.4718247108510355,0.7842253486798277,0.706694276663808,0.5762621628055895,0.5114609497578556,0.5676945657530006,0.6670099288720992,0.7893905613586828,0.4517435281094205,0.44041951080610126
COPX,0.47387410226808446,0.7195903878564393,0.7310627652256775,0.6204111014046743,0.5824774120935982,0.5515185589460657,0.5866719476504091,0.5550910665677937,0.5054261688943137,0.6052325826741282,0.5357215068349112,0.5871645720787279,0.5661865676938533,0.6657896458403235,0.6776026946400348,0.7247481434504374,0.7544321986479785,1.0,0.6815961926838119,0.6687623798466988,0.5509227945597959,0.6671096273785677,0.5731279449845381,0.6715549642249857,0.6575669548562543,0.702820894411407,0.6855691260923663,0.7198292122239691,0.6602818725274857,0.6810862407245577,0.5196932012009333,0.5653706334357427,0.8343924638489667,0.6101292987942223,0.8254074189110379,0.7152392556898525,0.33315796161388644,0.6339703841413793,0.6599475480454589,0.8510514753307722,0.9277437725194073,0.7147838129942776,0.5982710607441932,0.5754648377957382,0.5280669211719227,0.4969860887660551,0.5474758983846242,0.40790171171807776,0.6974879548482861,0.47797174288075533,0.5868655149434983,0.5431794811439243,0.5929143563594206,0.5136175746758161,0.5392004434336555,0.6474062321955271,0.4098282372822366,0.5262168795256181,0.17718269629011552,0.26915361235191204,0.7235604144594552,0.5053704727551018,0.7522205655393488,0.6634908362489098,0.4227108138436839,0.5017994816456569,0.4008208289105192,0.5861379467341793,0.6616420696716102,0.3707433680711092,0.458093968768927
DLS,0.7169546364027678,0.8490823666446836,0.8075902525502879,0.8640203660263097,0.8663703261037656,0.5452165750827566,0.8412266669005231,0.8196778715929073,0.7918153823365381,0.8429283194051772,0.7930598675914042,0.856961412252919,0.7390898848903841,0.8482698391838752,0.9787098093084479,0.9608852241054265,0.9627736896484483,0.6815961926838119,1.0,0.8556735253807458,0.8219295698220743,0.8765455816663673,0.7770245788065228,0.8903585774463254,0.895726529025602,0.887436615564069,0.914628398338625,0.9343040775148048,0.5119313878643944,0.5089805503142402,0.805930345162625,0.761235036303792,0.7338990032831227,0.8096382903762185,0.7082253753176411,0.7090398017940555,0.6137279962160832,0.5973657517805808,0.7513757001465385,0.8448089763694189,0.7239607209647017,0.60190398087571,0.453075627438821,0.5211703084382129,0.469847062714693,0.5549914030510471,0.5280938210224744,0.5087906539196798,0.8046475648314386,0.572802667757255,0.6919759749249442,0.6059251864563354,0.6688050866301699,0.4900063100818849,0.5129549728679793,0.6082539361617092,0.587684630035644,0.5835571620558078,0.24773741974561803,0.3327427538736751,0.7827889315237102,0.48515399161395917,0.7682909592250682,0.713034476849756,0.575372638804414,0.4834715987613873,0.5739648617398773,0.6678661175742352,0.7674191323654388,0.4232300840524923,0.4546968210269598
FLGB,0.6724251527297551,0.8203924975547852,0.7988002500034721,0.7972293146396322,0.8320245793956633,0.5085870343797646,0.8426405265048804,0.6652598536029412,0.7791115322242513,0.7789259273127612,0.8090521804628912,0.8498170722716566,0.701102466365309,0.9887464072046753,0.8623187677661533,0.9120581566932137,0.8697833065438801,0.6687623798466988,0.8556735253807458,1.0,0.6638558881177066,0.9048274495121104,0.7689788394252205,0.8570641925911111,0.7667678733468404,0.8206513747215063,0.8951853432384029,0.9197911166358775,0.48629222969819275,0.4792878630923224,0.7569249928267847,0.7662034653637397,0.7790952755219887,0.7434578801906067,0.7565530403398307,0.7170219654117951,0.6584690224146194,0.5211700063771092,0.7384410620139175,0.8311939293602343,0.7340572294910185,0.557017507784788,0.43152582509824916,0.49598911817736496,0.45762121683549833,0.5151032343503561,0.49092160341646046,0.46627402726044287,0.7381005949329814,0.5183947261365542,0.6114301750646584,0.5682266154135075,0.5927267221815894,0.48308022658596966,0.46629418600967865,0.5942670609371626,0.5494078011870842,0.5337978510428311,0.248847227348376,0.2921427525197932,0.7122876919380493,0.42378704432571246,0.7305546512772068,0.6348777428800524,0.5370544813038299,0.4764990574776428,0.5346118502127464,0.5933876872667215,0.7648795361954888,0.41982556010564775,0.3974333784305316
FLJP,0.5622572909369546,0.712108520017372,0.6713280022296767,0.6604259852548506,0.6721429353644381,0.4135054637105353,0.6501952449626747,0.99551250926441,0.6141749534881851,0.6907278739591072,0.5941227647096246,0.659540314913778,0.6250703597725356,0.654325840248017,0.8307991519289578,0.8259342242783093,0.817823041599522,0.5509227945597959,0.8219295698220743,0.6638558881177066,1.0,0.702243495212854,0.7165978092030622,0.8199099337264445,0.9624502615602788,0.8157032908494691,0.8335411989671648,0.807263557693831,0.4015106637679368,0.4000698094009075,0.6537592682604466,0.591824494303768,0.5930239648980599,0.7104498315771745,0.5681275963397177,0.5990509169937555,0.4983578131901112,0.494205020812826,0.6143109596608018,0.6980298039675169,0.5972258061275885,0.47134871418488067,0.3459172611411758,0.4721800527993879,0.41226894125913754,0.4799928106691977,0.4287463473255041,0.4223176635011524,0.7015566467911835,0.47344484934522035,0.6299501395018708,0.49144544845086746,0.5903204042648101,0.40941826728713837,0.3844200135194317,0.5044963593050341,0.5165938233961791,0.4918639923829827,0.18932304055786978,0.28682584868627625,0.6526958459009646,0.3736522700311159,0.6266205659302817,0.6022118352349799,0.5005693068300798,0.40185526267736327,0.5022945943535428,0.5940189253767475,0.5923744016447765,0.35135459920270934,0.34835255377494767
HDEF,0.6554569008495107,0.8276567519569331,0.7743173175332462,0.798352097334882,0.8375373275330013,0.5348586653978106,0.8483141363179505,0.7002169407793254,0.8319405037733408,0.7553692771272561,0.8249432404557874,0.855797354931895,0.699127131979696,0.9085209577100408,0.8668245433417762,0.915888148006908,0.8736036318345537,0.6671096273785677,0.8765455816663673,0.9048274495121104,0.702243495212854,1.0,0.7223129119697198,0.8335776928757395,0.7977972478960923,0.8477979193089915,0.916614299684445,0.9241504802548396,0.5002769488552078,0.4880863727231222,0.7656198865535498,0.7929111443861419,0.7651643090737608,0.7076587635138021,0.7497465235834602,0.6939174162179459,0.7109597763246892,0.5042463245502418,0.7538020975668427,0.8464212114694293,0.7365094865465553,0.5352483638954488,0.4606062927043367,0.44554510961918364,0.4057011352710456,0.48426300300982095,0.5060064147226545,0.47477545882403005,0.722318942863649,0.5398794425625487,0.5850944215024743,0.5977069460820157,0.5860984328142812,0.4959835331454617,0.4798754100167969,0.6101760633285748,0.5352810329843899,0.5466946785668203,0.23114121670533935,0.2687355210912321,0.7096310660834889,0.41983765067547935,0.7557153443772774,0.6273651346930673,0.5282050350378673,0.4879576739897933,0.5226401441636095,0.5837404151617788,0.7657157699456298,0.40332095037365634,0.3984350165505368
IHDG,0.7243736958519075,0.7344277775571634,0.7192702385496996,0.7783709914959004,0.790389063903708,0.4826534181575601,0.7548149703259075,0.7233834901908095,0.7326377288594679,0.8367958097161764,0.6646340696956302,0.7989497845612945,0.6492637602172543,0.7537790133870762,0.803989940630858,0.8341094112013598,0.7675105247262156,0.5731279449845381,0.7770245788065228,0.7689788394252205,0.7165978092030622,0.7223129119697198,1.0,0.8255110650859897,0.7794516050117526,0.7358285388362759,0.779422172373989,0.80698924627468,0.3452955840277043,0.3568291683562528,0.7291029541156197,0.6210679143980203,0.630766159362771,0.8122050618773213,0.5871664071589414,0.6206913529441034,0.5476293308784428,0.5440357506907507,0.6649912364997846,0.7502250294111058,0.638425426816036,0.5406911199363864,0.2645908707231707,0.48281767630193273,0.42953362053508026,0.5150749815127037,0.42786780000123986,0.4128270773672154,0.7257966703643223,0.46068830593245974,0.6567663383970338,0.5186312526231567,0.592708734595393,0.4120824383329708,0.46298528447905823,0.5194691877753642,0.5526801811140339,0.4736395460933697,0.24369565900433746,0.35827135029500246,0.7025896932048707,0.44739421975947835,0.6394577592249373,0.6557823669297513,0.5267701841722914,0.4028786710554996,0.5303136214842761,0.593051124963984,0.6296350902238026,0.39547440765966,0.4310770702824568
IMTM,0.7316204372474027,0.8403725148832611,0.8232148318144806,0.8200454261218731,0.8505410876422336,0.48907990210570035,0.8368740729378114,0.8246443174196878,0.759815006366221,0.8470538450314704,0.7863369572963613,0.8436675527063631,0.7235188093800393,0.8499147850331228,0.9044202591858068,0.9412689055205354,0.9001578804264004,0.6715549642249857,0.8903585774463254,0.8570641925911111,0.8199099337264445,0.8335776928757395,0.8255110650859897,1.0,0.8849844773964752,0.855152488565739,0.8944810958755932,0.9148223750663497,0.5107760640759387,0.5067834857017338,0.7482474697164315,0.7229944672938945,0.729458241924168,0.8244603182952819,0.7062340880991745,0.7348176811020841,0.5825613680007237,0.5831940927601592,0.7143313785922447,0.8205467866347219,0.7157617170532162,0.5815530805683218,0.439590252509073,0.5804534042898514,0.5226143304064848,0.5733183032204432,0.517641218668391,0.4865320125116235,0.8100125173504936,0.5304101315940668,0.6965177792371683,0.5967822461006993,0.6658026223907523,0.4979435322092769,0.47795971323947956,0.6192396472892354,0.5959210789359014,0.5557555057513635,0.24472802108885763,0.3273250420543082,0.7696391547560522,0.46362576524806504,0.736083402248593,0.6988801553572367,0.5740221994993321,0.48838221789072606,0.5750517994804529,0.6669502717882546,0.7514578806010445,0.41199676047391665,0.44204444673344295
IPAC,0.6233914219909585,0.8517070329520834,0.7753600736864484,0.7483328753201927,0.7535129835739717,0.5441605626786774,0.7328352148541204,0.9646582599512785,0.6939557295139539,0.774019404070199,0.6772707192626963,0.7467308528368231,0.7260747794437543,0.7580933727496807,0.901301276880392,0.9072218496450457,0.8939218674439615,0.6575669548562543,0.895726529025602,0.7667678733468404,0.9624502615602788,0.7977972478960923,0.7794516050117526,0.8849844773964752,1.0,0.8668534582346368,0.8913271567396669,0.8877955291371731,0.4823435959293466,0.4823201197895541,0.7274910807949334,0.6898932609575175,0.7016899597206371,0.7794458816753345,0.6793869059990066,0.6931444398792816,0.5622323143424085,0.5799637556289464,0.7060833311431695,0.8043850592054701,0.7086039506558983,0.5682799797642288,0.4238682584706817,0.5288030376783078,0.46730738116083165,0.5443016872990605,0.4971803080496464,0.48447886822598174,0.7902499141764102,0.5460942201349359,0.7005388680415575,0.5681760354344796,0.6680221025373215,0.4758776046245778,0.4976111674642691,0.5872478984880702,0.5576230871978923,0.5732658682415848,0.21201256775828237,0.32621258016862176,0.7612448229097256,0.4749352759659862,0.7365244049762761,0.7079764570299544,0.5436587699602552,0.4665747911156417,0.5426848734467619,0.6697625385516567,0.6863284759133493,0.4086278024729275,0.44573273365259364
IVAL,0.630160667643525,0.7992757087533103,0.7817905128653799,0.7798480340469516,0.7850150206686737,0.5002909755270382,0.7873072181552827,0.8154265861880283,0.691843257573327,0.7530398397755486,0.7266764581813271,0.7836910338410552,0.6661553141321335,0.8156319770617976,0.8838023559438493,0.9084796952455033,0.9142050103853246,0.702820894411407,0.887436615564069,0.8206513747215063,0.8157032908494691,0.8477979193089915,0.7358285388362759,0.855152488565739,0.8668534582346368,1.0,0.9055832861953178,0.9058785157676043,0.48023804627984806,0.48194723088826064,0.7163215040764972,0.7068307603522065,0.7895941602693435,0.7412106154624951,0.7659064070717115,0.7138852457962035,0.5464524188974025,0.5575780172019611,0.7559811576432731,0.84154629335786,0.7691216321811775,0.580328370494191,0.41747819509278306,0.5215667382970721,0.4758571376094161,0.5356692418954397,0.5301348115377389,0.48033661677380735,0.7585311750254105,0.5285859725252627,0.6486055528481159,0.5848244088517823,0.6223162635675267,0.5145314800218874,0.4576089976837526,0.6334891351311113,0.533852968928597,0.546979858012454,0.24217576552149842,0.30656734638649624,0.7263191485008482,0.4268179931040373,0.7464764019627073,0.6495948930375139,0.5267323497668446,0.5065402739309051,0.5184791375116446,0.6203743290062412,0.7326275308541752,0.42043447385394644,0.39796275660128033
IVLU,0.6613562568973926,0.8259862371543691,0.8044104700989406,0.8147789812322787,0.8710103758239235,0.5290203697370708,0.8860396604009202,0.8353003984749898,0.7609099846014905,0.8013395157826153,0.8405193452672338,0.8714241088581307,0.7173458499855423,0.8915302949930474,0.9081125555854114,0.956969760952836,0.9296508041011095,0.6855691260923663,0.914628398338625,0.8951853432384029,0.8335411989671648,0.916614299684445,0.779422172373989,0.8944810958755932,0.8913271567396669,0.9055832861953178,1.0,0.9743990955220138,0.47238211263288626,0.4675990255873175,0.7441165596627571,0.7442045578223985,0.7851344507884648,0.7669385677106602,0.7555764423479197,0.7067394351683983,0.6231682003058368,0.5450818875183876,0.7679035110019988,0.8494648084409792,0.7508747654190814,0.5638399090830886,0.4055720356122562,0.5005809253176587,0.4495433078032047,0.5292973904387601,0.529465366040186,0.4884359040422271,0.7770724288594859,0.5389918916191622,0.647650401247902,0.602461863487966,0.63416400703832,0.5147865193247045,0.479121382286979,0.6329583537222909,0.5720602445944934,0.5582867646455119,0.24350381815117875,0.3102584608457196,0.7469905220501418,0.43630566050664027,0.7626536122405041,0.6665655850039308,0.5617252273272199,0.5073766891827671,0.5544222550142234,0.6344470488127141,0.7927499748171429,0.4315039201680037,0.41517948636112967
PXF,0.6981024005355486,0.8658154269009243,0.8500838769582939,0.8570339899274435,0.8953072354697397,0.5598245847399147,0.9016148203040578,0.8104970597081688,0.7966933301621868,0.8424761693021531,0.8539724919458944,0.9010764740087225,0.748822499418817,0.9154687450948598,0.9361721825709284,0.9789604370357293,0.9480706145898409,0.7198292122239691,0.9343040775148048,0.9197911166358775,0.807263557693831,0.9241504802548396,0.80698924627468,0.9148223750663497,0.8877955291371731,0.9058785157676043,0.9743990955220138,1.0,0.5126278014452517,0.5096284401781687,0.7867023764695908,0.7850719977607226,0.8158074081761921,0.8149439942496547,0.7875879059763693,0.7496332345627859,0.6356114237309046,0.5865204302624458,0.7934773955349382,0.8841970409335288,0.7778670043672079,0.6027951644335288,0.44624143062657956,0.5341113348175159,0.48240084100355696,0.5630906074840559,0.5469335703671019,0.5082167877520105,0.8262142546620523,0.5693167724147837,0.6943048232641553,0.6259988964189263,0.6987444326546278,0.5294475451919632,0.5114243391007357,0.6537289814865054,0.5926371232131494,0.5899037855346445,0.2518042236418675,0.3288732512510555,0.7940641686930534,0.47592514771757194,0.7935813232087716,0.7160458804875522,0.5790494440109458,0.5214924434759537,0.5764187295491541,0.6975432032051151,0.8173254183401144,0.4386139988507206,0.4505927733955785
SIL,0.3693917180754137,0.5442359117728113,0.5947479814888735,0.4541966802065113,0.4315076513960267,0.34263699948892345,0.41008547995434624,0.4023048466982895,0.41392099114879255,0.43058782692883196,0.3956422070583423,0.4110526433191598,0.4314224828266372,0.48937347492209493,0.5095673859694732,0.5438022959689398,0.583178340243302,0.6602818725274857,0.5119313878643944,0.48629222969819275,0.4015106637679368,0.5002769488552078,0.3452955840277043,0.5107760640759387,0.4823435959293466,0.48023804627984806,0.47238211263288626,0.5126278014452517,1.0,0.9713117861395061,0.41938374181347293,0.500807847225972,0.6159101413391105,0.4301472096921195,0.6306526388036342,0.6366887494216699,0.31628894515057576,0.39680153015114117,0.4341387711259109,0.6454997070914847,0.6139495121946857,0.48190180959530104,0.9226759504868095,0.5031910825368401,0.4668479349507926,0.40794894435266704,0.38389650454712226,0.31083589976078047,0.5263019845167083,0.3776477430337295,0.414326423641119,0.4349990959044845,0.4457657969304094,0.37963022297443466,0.32893596993637764,0.4715834610646507,0.29502366780619,0.45870188469661954,0.1557404213680878,0.17847908971815132,0.518535602301081,0.30631213834957005,0.545578933581734,0.4502950727482322,0.3097349423513914,0.3728567934245859,0.2935217808991304,0.4401651139552838,0.4734179248077864,0.2869477214369799,0.27722701688072415
